# name: debug
# type: sparse matrix
# nnz: 576
# rows: 24
# columns: 24

1 1 5279.59468
2 1 10.1897321
3 1 9.60010156
4 1 0.083427009
5 1 -1.52793835
6 1 0.195474295
7 1 -2.31307144e-05
8 1 -2.43782824e-06
9 1 -3.3634727e-06
10 1 -2.38513372e-08
11 1 4.03946511e-06
12 1 -4.60741652e-07
13 1 -8.61220732e-06
14 1 -2.72052628e-06
15 1 -4.08685214e-06
16 1 -9.93400644e-08
17 1 5.31565402e-07
18 1 -1.28570629e-07
19 1 -7.77165447e-06
20 1 -2.38813153e-06
21 1 -3.66171569e-06
22 1 -9.12699543e-08
23 1 4.97911021e-07
24 1 -1.17253215e-07
1 2 10.1897321
2 2 5317.58567
3 2 -7.57203858
4 2 1.84589216
5 2 -0.083427009
6 2 0.556979087
7 2 -2.33381337e-06
8 2 -3.41378645e-05
9 2 2.35962662e-06
10 2 -4.55657625e-06
11 2 -5.01335627e-09
12 2 -3.4640793e-07
13 2 -2.76906112e-06
14 2 -1.88708081e-05
15 2 1.03033469e-06
16 2 -9.40999864e-07
17 2 1.01330095e-07
18 2 -5.56426187e-07
19 2 -2.44464527e-06
20 2 -1.7112417e-05
21 2 8.97228031e-07
22 2 -8.84473917e-07
23 2 9.36367947e-08
24 2 -5.18169046e-07
1 3 9.60010156
2 3 -7.57203858
3 3 5178.76566
4 3 -0.153459954
5 3 -0.395139038
6 3 -2.41856114e-14
7 3 -1.91972415e-06
8 3 2.35446252e-06
9 3 -3.18530957e-06
10 3 3.90932152e-07
11 3 -2.89024461e-07
12 3 3.41403603e-08
13 3 -4.26745085e-06
14 3 1.02430321e-06
15 3 -2.79039348e-06
16 3 6.93434841e-08
17 3 3.02793733e-07
18 3 -9.29828774e-10
19 3 -3.87649049e-06
20 3 8.84988289e-07
21 3 -2.5250716e-06
22 3 6.35599587e-08
23 3 2.85405808e-07
24 3 -1.24173997e-09
1 4 0.083427009
2 4 1.84589216
3 4 -0.153459954
4 4 5154.01594
5 4 -1.77789635e-08
6 4 0.00942206795
7 4 -2.30868677e-08
8 4 -5.11117081e-06
9 4 4.42942324e-07
10 4 -1.06768279e-06
11 4 -1.11533156e-08
12 4 2.73679368e-08
13 4 -1.05968432e-07
14 4 -1.00009855e-06
15 4 7.37890686e-08
16 4 -6.38747975e-08
17 4 3.85658987e-09
18 4 -3.80860286e-08
19 4 -9.76035293e-08
20 4 -9.38962247e-07
21 4 6.79604556e-08
22 4 -6.16417526e-08
23 4 3.69084337e-09
24 4 -3.63985797e-08
1 5 -1.52793835
2 5 -0.083427009
3 5 -0.395139038
4 5 -1.77789635e-08
5 5 5154.01594
6 5 -0.0137241599
7 5 4.67121719e-06
8 5 5.58866968e-08
9 5 6.27905179e-08
10 5 -3.03189192e-09
11 5 -1.04869297e-06
12 5 1.00918118e-07
13 5 5.75281046e-07
14 5 1.03843514e-07
15 5 3.16018282e-07
16 5 3.7209237e-09
17 5 -4.77918186e-08
18 5 8.54336246e-09
19 5 5.41502602e-07
20 5 9.50739838e-08
21 5 2.95800024e-07
22 5 3.5274839e-09
23 5 -4.61813222e-08
24 5 8.11496927e-09
1 6 0.195474295
2 6 0.556979087
3 6 -2.41856114e-14
4 6 0.00942206795
5 6 -0.0137241599
6 6 5153.90737
7 6 -5.42299055e-07
8 6 8.6571589e-08
9 6 -3.99221785e-08
10 6 1.36215336e-07
11 6 1.05002224e-07
12 6 -4.68706728e-08
13 6 -1.41856868e-07
14 6 -6.15148406e-07
15 6 1.01333942e-09
16 6 -3.9592271e-08
17 6 8.81639458e-09
18 6 -2.4578439e-08
19 6 -1.3071243e-07
20 6 -5.78780172e-07
21 6 1.36707522e-09
22 6 -3.82742005e-08
23 6 8.42906036e-09
24 6 -2.3512774e-08
1 7 -2.31307144e-05
2 7 -2.33381337e-06
3 7 -1.91972415e-06
4 7 -2.30868677e-08
5 7 4.67121719e-06
6 7 -5.42299055e-07
7 7 5288.17519
8 7 11.3922797
9 7 10.8108568
10 7 -0.295275665
11 7 4.08677246
12 7 -0.825356933
13 7 0.0309392043
14 7 0.00640012475
15 7 0.0135027666
16 7 0.149107221
17 7 -1.3151098
18 7 0.281900283
19 7 0.0308556416
20 7 0.0063003747
21 7 0.0132886401
22 7 0.147270426
23 7 -1.30872542
24 7 0.27873165
1 8 -2.43782824e-06
2 8 -3.41378645e-05
3 8 2.35446252e-06
4 8 -5.11117081e-06
5 8 5.58866968e-08
6 8 8.6571589e-08
7 8 11.3922797
8 8 5331.74359
9 8 -8.68709903
10 8 -4.85339572
11 8 0.295288506
12 8 -2.60854734
13 8 0.00664893525
14 8 0.0486552886
15 8 -0.00471496305
16 8 1.74336536
17 8 -0.156482726
18 8 0.844222343
19 8 0.00656938521
20 8 0.048188949
21 8 -0.00470507956
22 8 1.73081977
23 8 -0.155232811
24 8 0.827275979
1 9 -3.3634727e-06
2 9 2.35962662e-06
3 9 -3.18530957e-06
4 9 4.42942324e-07
5 9 6.27905179e-08
6 9 -3.99221785e-08
7 9 10.8108568
8 9 -8.68709903
9 9 5181.64459
10 9 0.670998288
11 9 2.15264254
12 9 -1.28406785e-05
13 9 0.013778965
14 9 -0.00435473099
15 9 0.00717361943
16 9 -0.194374988
17 9 -0.60496106
18 9 0.00613799289
19 9 0.0137511524
20 9 -0.00433138711
21 9 0.00706977738
22 9 -0.193341429
23 9 -0.602098905
24 9 0.0072053754
1 10 -2.38513372e-08
2 10 -4.55657625e-06
3 10 3.90932152e-07
4 10 -1.06768279e-06
5 10 -3.03189192e-09
6 10 1.36215336e-07
7 10 -0.295275665
8 10 -4.85339572
9 10 0.670998288
10 10 5189.0083
11 10 0.0050110418
12 10 16.7643251
13 10 -0.0215625997
14 10 -0.233700045
15 10 0.0275168759
16 10 -8.39546767
17 10 0.304443781
18 10 -3.99314534
19 10 -0.0212046259
20 10 -0.231465856
21 10 0.0273943211
22 10 -8.33531559
23 10 0.300590452
24 10 -3.91213032
1 11 4.03946511e-06
2 11 -5.01335627e-09
3 11 -2.89024461e-07
4 11 -1.11533156e-08
5 11 -1.04869297e-06
6 11 1.05002224e-07
7 11 4.08677246
8 11 0.295288506
9 11 2.15264254
10 11 0.0050110418
11 11 5189.02347
12 11 -5.34827783
13 11 0.177794174
14 11 0.0204682486
15 11 0.0802287113
16 11 0.265971001
17 11 -7.59701586
18 11 1.3487552
19 11 0.177330607
20 11 0.0200473727
21 11 0.0789767917
22 11 0.259613438
23 11 -7.56030409
24 11 1.33616766
1 12 -4.60741652e-07
2 12 -3.4640793e-07
3 12 3.41403603e-08
4 12 2.73679368e-08
5 12 1.00918118e-07
6 12 -4.68706728e-08
7 12 -0.825356933
8 12 -2.60854734
9 12 -1.28406785e-05
10 12 16.7643251
11 12 -5.34827783
12 12 5162.72617
13 12 -0.0374038118
14 12 -0.114860815
15 12 0.000930999732
16 12 -4.05474482
17 12 1.30326633
18 12 -2.11481992
19 12 -0.0371620057
20 12 -0.113728416
21 12 0.00106317989
22 12 -4.02501485
23 12 1.29582944
24 12 -2.07416515
1 13 -8.61220732e-06
2 13 -2.76906112e-06
3 13 -4.26745085e-06
4 13 -1.05968432e-07
5 13 5.75281046e-07
6 13 -1.41856868e-07
7 13 0.0309392043
8 13 0.00664893525
9 13 0.013778965
10 13 -0.0215625997
11 13 0.177794174
12 13 -0.0374038118
13 13 5299.13607
14 13 12.4738265
15 13 14.7660929
16 13 24847.1655
17 13 -9356.10921
18 13 -9116.37619
19 13 -0.750528794
20 13 -0.0633338484
21 13 -0.120001012
22 13 -24795.1147
23 13 9341.25112
24 13 9259.48843
1 14 -2.72052628e-06
2 14 -1.88708081e-05
3 14 1.02430321e-06
4 14 -1.00009855e-06
5 14 1.03843514e-07
6 14 -6.15148406e-07
7 14 0.00640012475
8 14 0.0486552886
9 14 -0.00435473099
10 14 -0.233700045
11 14 0.0204682486
12 14 -0.114860815
13 14 12.4738265
14 14 5346.27059
15 14 -9.54072143
16 14 82796.4007
17 14 -18320.9567
18 14 -31143.27
19 14 -0.064146547
20 14 -0.936911643
21 14 0.113675022
22 14 -82596.5849
23 14 18361.4152
24 14 31583.7569
1 15 -4.08685214e-06
2 15 1.03033469e-06
3 15 -2.79039348e-06
4 15 7.37890686e-08
5 15 3.16018282e-07
6 15 1.01333942e-09
7 15 0.0135027666
8 15 -0.00471496305
9 15 0.00717361943
10 15 0.0275168759
11 15 0.0802287113
12 15 0.000930999732
13 15 14.7660929
14 15 -9.54072143
15 15 5183.84848
16 15 15844.0874
17 15 -4001.08177
18 15 -6526.20869
19 15 -0.125215864
20 15 0.116009166
21 15 -0.0773555617
22 15 -15813.5343
23 15 3995.1757
24 15 6604.93514
1 16 -9.93400644e-08
2 16 -9.40999864e-07
3 16 6.93434841e-08
4 16 -6.38747975e-08
5 16 3.7209237e-09
6 16 -3.9592271e-08
7 16 0.149107221
8 16 1.74336536
9 16 -0.194374988
10 16 -8.39546767
11 16 0.265971001
12 16 -4.05474482
13 16 24847.1655
14 16 82796.4007
15 16 15844.0874
16 16 8.36099625e+11
17 16 -1.94462942e+11
18 16 -3.29513121e+11
19 16 -320133.249
20 16 -1006778.35
21 16 -214103.343
22 16 -8.34330767e+11
23 16 1.94866292e+11
24 16 3.33731377e+11
1 17 5.31565402e-07
2 17 1.01330095e-07
3 17 3.02793733e-07
4 17 3.85658987e-09
5 17 -4.77918186e-08
6 17 8.81639458e-09
7 17 -1.3151098
8 17 -0.156482726
9 17 -0.60496106
10 17 0.304443781
11 17 -7.59701586
12 17 1.30326633
13 17 -9356.10921
14 17 -18320.9567
15 17 -4001.08177
16 17 -1.94462942e+11
17 17 4.53888462e+10
18 17 7.66787708e+10
19 17 78175.7751
20 17 233240.66
21 17 50029.5062
22 17 1.94051001e+11
23 17 -4.54824359e+10
24 17 -7.76607184e+10
1 18 -1.28570629e-07
2 18 -5.56426187e-07
3 18 -9.29828774e-10
4 18 -3.80860286e-08
5 18 8.54336246e-09
6 18 -2.4578439e-08
7 18 0.281900283
8 18 0.844222343
9 18 0.00613799289
10 18 -3.99314534
11 18 1.3487552
